00
67
00
ff
00
00
00
25
00
fe
87
00
00
00
00
00
fe
87
00
73
00
00
00
fe
00
00
10
ff
00
00
02
00
00
10
ff
00
00
00
f3
03
0c
0c
0a
0b
0b
09
0b
09
09
09
07
07
07
64
00
8c
03
63
00
02
02
00
00
00
00
8c
05
01
68
00
07
02
67
00
00
00
04
34
64
06
00
09
05
34
04
8b
4e
00
0c
03
34
03
00
12
02
34
01
00
00
16
00
00
71
34
8b
34
8b
00
3f
3d
00
19
00
04
01
5d
00
04
02
01
4c
00
8b
00
01
44
01
04
00
90
41
8c
04
2b
00
8b
45
00
22
00
00
01
00
00
00
27
00
01
00
23
00
f4
00
64
34
89
34
00
1d
88
71
34
71
00
1e
70
34
70
8b
00
21
6f
00
00
23
6e
8b
00
25
6d
00
23
6c
8b
00
27
6b
00
04
29
6a
8b
00
2b
69
04
29
68
90
02
00
2d
67
00
23
66
00
04
65
00
2f
65
00
31
64
00
34
63
8c
00
35
00
00
00
61
00
37
61
8c
00
3b
00
00
5f
00
23
5e
8c
00
3d
5d
00
23
5d
8c
3f
01
5c
01
23
5b
8c
41
01
5a
00
43
59
00
46
58
8c
00
35
00
57
00
48
56
8c
00
3b
00
55
00
23
54
8c
3d
00
00
53
00
23
52
8c
3f
00
01
51
01
23
50
8c
41
00
01
4f
43
4f
01
00
4c
4e
00
23
4d
00
00
00
40
00
40
40
00
4e
4a
00
23
4a
01
50
49
00
23
48
01
00
52
47
00
23
46
00
02
54
45
56
45
04
59
44
5b
44
34
43
89
8a
00
41
88
53
87
26
00
88
00
5f
40
88
62
3f
00
62
00
3e
89
8a
62
41
3d
00
66
3c
88
5d
00
00
67
3b
34
3a
0c
0c
0b
0b
0a
0a
09
09
08
08
07
07
06
00
0d
00
00
0f
b2
00
00
ff
01
00
00
00
7a
00
00
b8
00
00
04
01
01
00
00
03
01
00
72
00
1b
04
0f
8b
00
00
0f
b6
f3
0c
0a
0b
0b
00
0c
0b
09
09
09
09
07
07
07
04
00
00
00
00
08
00
02
01
00
ff
00
03
00
02
00
02
1e
06
40
ff
02
06
01
00
00
00
00
59
00
00
00
00
00
53
00
00
00
fd
04
00
00
f7
00
16
ff
02
00
01
16
ff
f8
03
01
00
00
00
00
41
01
00
00
02
00
00
00
00
00
00
02
1b
ff
01
41
00
01
00
00
00
11
03
00
00
02
00
00
00
00
00
00
00
16
ff
01
41
41
02
02
00
03
00
13
01
00
00
ff
ff
00
0a
01
00
00
00
00
00
02
10
0c
0c
01
0b
0b
0a
0a
09
09
08
08
07
07
06
0d
00
00
00
ea
ff
02
e9
00
e8
00
e8
ff
e8
01
f1
03
07
01
00
00
ee
01
00
00
00
ff
f3
10
ff
8c
00
fe
00
8d
00
00
a9
51
00
4d
54
53
68
51
4f
52
52
50
51
4f
4f
4f
4d
4d
52
54
54
54
57
57
01
0c
02
00
00
06
10
00
ff
8c
00
00
0c
00
ff
16
52
52
51
51
50
50
4f
4f
4e
4e
4d
4d
4c
00
57
00
02
00
00
00
00
24
00
02
02
03
02
03
03
09
fd
0f
00
03
00
00
09
01
00
00
00
05
fd
05
05
02
08
ff
00
02
ff
0c
00
00
00
fd
0f
0f
00
00
08
00
fa
00
f9
02
f9
00
f8
00
01
00
01
00
fd
00
fd
0f
fd
f8
00
00
00
f6
41
01
f6
00
00
00
01
00
fd
00
fd
0f
fd
00
00
00
00
00
04
ff
0d
01
00
00
00
04
1e
fa
0f
76
00
00
00
00
00
02
01
00
00
ff
f9
00
00
f9
00
06
00
74
00
00
00
16
01
04
ff
00
01
02
02
00
00
02
54
00
00
01
00
41
00
00
00
00
00
00
01
ff
02
02
00
02
00
4f
01
00
00
d2
00
00
00
00
05
00
00
00
37
00
00
00
01
02
40
01
02
02
02
00
00
49
01
ff
00
01
41
01
00
00
03
00
00
02
02
01
00
f5
41
02
f3
00
00
00
00
01
fb
ff
00
00
01
00
00
00
00
01
00
8f
00
00
f0
04
06
00
00
10
04
10
00
02
00
00
03
00
00
4b
01
00
bb
00
00
00
00
4b
00
00
00
00
00
01
00
01
4b
ba
01
00
bb
00
00
f8
01
02
41
01
02
02
00
00
02
33
01
00
01
41
ff
01
00
07
00
04
01
00
01
41
02
02
00
02
00
2e
01
de
00
00
f0
00
00
00
00
00
4b
01
00
02
bb
00
01
00
4b
01
00
00
08
03
bb
00
00
00
fa
01
02
41
01
02
02
00
00
02
24
01
00
01
41
ff
01
00
07
00
76
01
00
f3
41
02
f1
06
09
06
00
00
4d
00
00
00
06
00
ba
54
00
4b
01
00
00
00
4a
00
00
00
00
00
bb
50
00
00
00
01
00
4b
01
01
bb
00
ef
00
fd
00
00
00
44
00
00
00
00
00
ba
4a
00
00
fa
04
01
b9
00
00
b8
01
00
00
00
00
ff
00
00
03
00
02
00
00
62
0c
ff
03
01
ff
02
ff
01
00
07
01
01
00
00
49
01
00
02
00
02
02
02
00
0e
01
00
02
0c
40
03
02
00
01
00
00
03
04
01
00
06
00
02
0a
0a
02
02
06
04
00
18
02
01
00
08
00
00
ff
02
f3
00
00
f2
ff
02
f1
00
00
fe
f8
00
00
00
00
00
00
00
00
00
fc
f6
03
00
0e
00
02
f4
10
02
62
40
01
00
00
00
02
00
00
00
00
00
00
02
74
ff
01
40
00
01
00
02
00
00
00
00
00
00
00
70
ff
01
41
00
00
02
02
00
00
02
01
41
00
00
00
00
00
02
00
6b
01
00
9b
02
02
02
00
01
00
03
68
01
00
ef
ee
06
07
00
e5
02
01
01
00
00
00
00
f0
ff
95
00
00
00
00
8b
02
02
8a
8d
00
00
e7
10
00
4b
02
00
02
00
00
41
00
00
00
00
00
00
00
00
4b
02
00
e3
fb
00
02
00
00
02
02
02
05
05
00
00
8c
00
00
00
02
00
d2
00
00
00
05
00
00
8d
00
00
fc
8b
04
00
00
8b
00
40
00
00
8c
00
00
00
8c
8b
01
00
14
fe
00
01
00
8c
00
03
00
00
00
21
00
00
00
00
00
00
f9
00
04
00
00
00
00
09
8c
01
01
00
00
00
00
01
01
00
02
0b
00
00
03
1a
01
01
00
00
02
00
8b
8b
fb
00
00
04
8a
8a
00
04
8a
8a
00
00
00
00
01
00
00
00
00
00
00
02
00
00
00
8b
06
fe
00
00
ff
00
00
00
00
00
00
00
00
00
00
00
00
00
00
00
00
06
01
01
00
00
00
01
00
01
00
00
01
00
fa
8a
00
0f
0f
00
8a
00
00
00
00
ff
00
00
00
00
00
02
00
8a
7a
00
00
00
8a
00
00
00
01
00
00
00
fc
ff
00
00
ff
00
03
00
03
7f
03
7f
00
7f
03
03
08
00
00
06
ff
00
00
06
fe
00
00
03
00
04
00
04
fc
ff
02
00
00
02
fa
fa
fa
fe
fa
00
00
fd
fc
00
f8
00
00
ff
fe
00
00
00
00
fc
f6
fc
03
01
02
01
01
02
02
02
01
01
0f
00
02
01
08
0f
0a
00
04
00
f8
00
01
02
0f
02
01
08
0f
0a
00
04
00
f8
00
40
00
00
ff
00
01
0c
00
00
70
00
00
00
02
00
4c
00
fa
fd
00
40
f7
0f
00
f6
00
f6
00
00
f5
02
00
47
00
fa
fd
00
40
f6
0f
00
f4
00
f5
00
00
f4
00
00
00
00
14
00
14
00
04
00
00
08
01
00
ff
01
00
00
00
38
00
00
00
32
00
07
08
00
00
00
00
00
00
08
00
00
f8
ff
00
08
0f
0c
00
03
03
02
01
02
01
00
02
02
01
01
00
00
00
04
00
00
f1
00
00
40
01
00
00
fa
04
40
00
00
00
00
00
00
00
00
00
00
04
00
00
f6
00
00
f5
00
0f
00
f4
00
0f
f3
fe
00
00
00
00
0e
43
00
40
03
00
29
0b
40
09
02
00
fd
00
02
01
02
00
01
01
00
01
00
02
00
09
06
02
40
01
00
00
00
00
fc
ff
00
00
00
00
00
00
00
04
00
00
fc
ff
00
00
00
f6
fa
fd
00
fa
00
00
f5
01
0f
fe
00
00
00
02
00
0f
02
01
02
38
01
00
00
03
01
00
01
03
00
00
02
00
02
fc
00
15
ff
00
3a
40
fb
7f
fa
00
01
03
00
f9
00
00
00
00
00
00
00
fe
00
02
02
00
03
00
00
02
02
02
02
00
01
00
00
ff
0a
06
06
00
00
ff
02
00
00
00
00
00
fe
00
00
40
00
00
00
fe
00
00
fb
00
00
40
00
40
f9
40
00
f9
40
00
00
00
00
f7
00
00
40
fe
40
f6
40
00
01
f4
00
03
04
03
ff
00
00
0f
fe
00
04
40
00
74
00
00
40
00
03
fd
fa
00
04
04
05
03
03
04
03
e7
00
00
00
00
00
0c
00
01
00
00
00
00
74
01
00
0e
00
00
00
00
00
fe
01
fe
40
40
04
40
02
02
00
00
00
00
03
00
fe
fe
ff
40
02
02
00
00
00
00
05
05
04
04
03
03
02
06
00
08
02
08
f2
02
00
00
00
00
1c
00
02
00
09
08
f0
40
00
f4
00
f8
00
00
e7
00
fa
04
05
04
04
03
03
03
03
01
01
01
01
02
00
08
02
24
33
02
05
00
00
4c
00
00
ff
32
00
01
01
ff
00
00
00
00
00
00
00
2e
01
05
05
04
04
03
03
02
02
01
01
00
06
00
80
ff
ff
1a
18
29
1f
40
00
18
00
30
00
03
00
03
00
00
4c
00
00
ff
02
01
01
24
01
00
00
ff
40
fe
00
02
00
4d
23
00
01
ff
40
32
03
03
30
1f
00
20
00
00
00
00
00
00
40
00
00
00
ff
00
00
00
00
00
40
00
00
0c
00
02
00
ff
00
00
00
00
00
00
fe
01
00
00
00
ff
00
00
01
00
20
00
00
01
ff
40
20
fe
00
00
01
00
00
00
00
00
10
01
e2
00
00
00
e1
40
04
03
e7
01
00
ff
00
40
01
0a
00
8e
e8
ff
01
01
3c
00
01
00
ff
00
00
00
3f
ff
00
22
21
00
75
00
01
00
00
2a
03
2a
01
01
00
00
8e
00
8e
8d
00
8c
00
1d
00
00
00
00
00
00
00
00
01
d2
00
e4
01
01
ce
01
00
da
cc
00
00
14
01
32
05
00
05
00
00
00
ff
00
2d
01
00
00
ff
fe
01
00
00
00
00
dc
01
14
05
2e
00
06
00
06
00
ce
00
00
01
12
01
de
01
00
00
00
00
00
02
02
00
01
01
00
00
00
00
6f
01
c1
00
00
00
00
00
6d
01
bf
00
00
00
02
02
00
01
01
00
00
00
00
69
01
bb
00
00
00
00
00
b5
00
03
00
03
00
eb
09
01
00
ff
40
00
01
e2
00
63
00
b5
05
00
05
00
bb
01
ff
26
00
ff
fe
00
ff
00
00
00
d0
d0
00
00
00
00
00
fe
00
c6
00
75
00
01
00
e8
ff
14
41
00
00
00
0c
00
41
01
01
41
01
ff
41
00
00
00
0c
ff
16
41
00
01
00
01
00
00
00
00
cf
01
0f
00
fe
ff
00
00
00
00
00
00
00
00
00
cb
01
00
5b
01
00
00
c9
02
c4
40
00
00
00
00
d3
01
41
03
03
00
00
00
ff
00
f2
f4
05
04
00
06
00
06
00
cc
15
04
00
07
00
07
00
9e
e9
eb
00
00
e0
15
04
00
07
00
07
00
c6
55
04
01
07
00
07
00
99
ff
01
41
00
e9
55
02
01
07
00
07
00
c1
7f
07
07
95
7f
07
bf
00
db
00
00
00
06
00
06
00
00
06
ff
40
04
08
00
00
02
00
00
00
ff
fe
ff
40
ff
00
00
00
01
00
00
05
00
00
00
fe
fe
00
00
00
00
fe
00
f6
00
00
00
fe
00
fc
f6
00
ff
00
04
00
00
01
01
02
02
03
03
04
04
40
fa
fc
fd
fd
fd
ff
fe
ff
fe
04
fa
00
00
02
00
00
00
ff
fe
ff
40
ff
00
00
00
01
00
01
00
00
00
00
fe
fe
00
00
00
fe
fc
fc
02
00
02
00
04
ff
ff
ff
00
fe
00
01
02
00
ff
0c
00
00
00
00
00
fe
fe
00
00
00
08
fe
fe
02
01
00
00
00
02
02
ff
fe
ff
ff
ff
ff
ff
fc
01
01
01
04
00
00
01
00
00
00
40
fe
00
ff
ff
ff
00
00
00
00
f3
ff
00
f3
00
00
f2
00
00
02
00
0a
06
ff
00
00
00
00
01
fe
00
00
40
00
00
00
00
00
00
00
00
00
00
00
00
00
00
00
00
00
00
00
00
0f
00
00
01
00
02
00
f6
00
00
00
00
f9
00
ff
40
00
f6
f3
00
00
07
fe
00
00
00
00
00
02
00
00
00
04
00
00
00
01
01
00
02
00
04
00
64
06
00
fa
00
fd
00
00
00
00
02
02
02
00
00
00
00
60
fc
00
f9
02
00
07
00
00
00
00
00
00
fb
03
01
01
00
04
02
03
03
01
01
04
01
00
00
00
01
00
00
ff
00
00
00
01
87
00
00
01
86
01
00
00
01
00
fe
00
01
01
fb
02
00
04
00
00
00
01
00
01
04
04
03
03
02
01
01
00
00
00
02
05
00
00
00
00
e3
00
04
01
01
01
00
00
a6
00
07
00
00
00
00
01
00
00
00
00
01
00
01
f6
00
00
84
00
0b
85
40
00
00
00
00
01
01
01
00
00
00
10
00
00
00
40
00
02
00
00
00
00
00
40
00
00
02
00
00
00
00
00
00
00
00
00
02
00
00
04
00
0a
00
00
00
00
03
03
00
06
0f
06
00
04
00
02
00
00
00
00
00
02
00
00
00
00
00
00
fe
fd
00
00
00
fa
fd
00
00
00
fa
fd
01
0f
01
f8
fd
00
00
00
00
07
fe
00
00
00
00
00
02
00
06
00
00
01
01
00
02
00
00
00
02
00
04
00
29
06
00
fa
00
00
84
00
14
85
21
02
00
00
26
fc
00
02
00
00
f8
f7
07
05
01
01
08
07
08
06
07
05
05
05
03
03
03
00
00
01
00
00
00
00
00
00
01
00
01
00
b3
00
20
01
00
01
01
00
01
00
00
ff
01
00
01
01
00
00
00
01
14
00
01
00
1a
00
ff
01
01
0a
00
00
00
12
00
00
fe
01
00
00
00
00
00
00
c2
00
00
00
01
01
01
c0
01
00
00
01
01
00
00
00
00
01
01
fb
00
00
00
00
01
f6
00
01
00
00
00
00
00
01
00
b9
01
00
01
00
00
00
00
00
00
b7
00
01
00
00
00
00
00
01
fb
00
00
00
00
00
00
ee
01
01
ff
00
ff
ff
fe
01
08
08
01
07
07
06
06
05
05
04
04
03
03
02
00
09
00
40
fe
ff
00
00
e4
00
00
84
00
15
85
74
fd
02
01
01
02
00
00
00
00
00
0a
40
06
07
0c
00
02
40
04
00
06
00
00
fe
00
00
00
ce
02
00
07
00
00
00
00
01
40
00
fa
02
02
01
00
00
01
03
00
00
00
00
c8
00
00
00
f8
ff
00
8a
00
00
00
00
8c
00
f2
00
00
fe
00
02
27
00
00
00
06
00
f0
00
00
84
00
14
85
5f
fc
02
01
00
01
40
00
02
03
01
01
01
02
00
00
00
00
00
40
01
00
00
ff
00
f4
12
01
03
00
00
00
00
00
fe
fe
02
01
01
01
01
01
00
01
0a
02
40
00
00
00
00
00
00
01
fe
ff
00
00
fd
01
00
00
40
fe
ff
00
00
01
00
00
00
07
03
00
00
00
01
03
00
00
02
02
01
01
00
00
04
00
00
00
00
fe
fb
00
00
00
fe
fd
f8
00
00
84
00
1d
85
44
01
00
01
40
04
00
01
01
00
00
00
02
ff
ff
ff
ff
fe
00
00
ff
00
00
fe
01
01
01
00
00
00
40
00
00
04
00
01
01
00
00
00
18
ff
ff
ff
ff
fe
02
00
00
00
00
00
fe
00
00
d2
1a
01
01
01
00
01
00
01
00
01
01
01
00
00
00
ff
00
00
00
01
01
40
00
01
01
40
41
00
00
01
00
00
00
fe
00
41
fb
40
fe
01
00
00
00
00
00
00
00
00
00
00
ff
0b
00
00
00
01
00
41
01
00
01
01
01
00
00
00
fe
41
fd
ff
40
ff
01
00
ff
ff
ff
fe
01
01
00
00
00
02
00
00
bc
04
01
01
00
00
00
00
00
02
00
00
00
00
f9
00
00
f8
00
00
84
00
23
85
1b
00
00
84
00
24
85
19
fc
02
00
00
03
01
02
02
01
00
00
b1
10
42
01
7f
02
00
02
00
00
00
00
00
06
00
da
00
00
00
00
02
08
bc
00
03
01
40
03
03
00
01
02
01
00
02
04
00
00
00
d4
00
00
02
02
40
00
00
00
00
00
00
00
00
00
00
f6
bc
00
00
00
01
00
c7
40
f6
00
00
84
00
30
85
04
fb
03
04
04
02
03
03
01
01
01
01
00
1c
00
00
9b
ff
01
02
ff
ff
0e
80
ff
ff
0e
0f
10
00
4c
01
01
00
1c
ff
00
00
00
14
ff
00
0a
00
02
ff
41
00
ff
00
01
32
00
28
00
00
d9
00
40
ff
ff
ff
00
24
ff
04
2e
02
20
00
00
00
00
00
00
01
00
00
00
19
00
8b
06
02
f3
00
00
00
05
01
01
00
00
00
00
40
01
00
01
0a
01
00
00
00
00
00
85
00
04
04
03
02
02
01
01
00
00
00
03
05
00
00
ee
ff
41
00
ff
ed
04
04
03
03
02
02
01
01
00
00
00
05
c4
00
00
00
00
00
00
01
00
00
00
07
f4
ff
01
02
22
00
e6
ff
41
00
ff
00
01
e2
01
01
ff
04
00
00
01
26
02
00
02
00
03
00
00
00
24
01
02
00
00
00
00
01
00
00
40
00
00
00
00
00
00
00
00
ed
e8
00
03
00
00
00
14
01
01
dd
ff
ff
00
e1
01
01
ff
04
00
00
01
10
02
00
02
00
03
00
00
00
14
01
02
01
02
0a
02
03
00
00
00
00
01
00
00
00
00
d9
00
c1
d4
01
01
ff
04
00
00
01
01
01
00
00
04
02
00
f8
00
03
00
00
00
08
01
04
02
01
02
f4
02
04
03
02
ff
02
f4
00
00
b7
f5
01
00
01
00
06
02
02
c7
00
40
01
00
00
ff
00
00
00
00
fe
d2
cd
01
02
ed
00
d0
00
cb
02
03
03
02
02
02
c0
00
00
ae
dd
01
02
01
02
00
02
03
da
02
04
03
02
ff
02
d8
fe
00
00
00
00
00
8e
01
ff
00
01
01
00
02
00
8f
fe
01
00
01
00
02
00
00
ff
00
0c
00
01
00
00
00
00
00
00
0c
04
00
00
00
00
00
00
0a
02
01
01
00
00
00
00
0a
01
01
f8
03
03
02
02
02
02
01
01
00
03
03
40
0f
02
00
03
03
40
0f
00
00
0f
0f
40
00
00
00
00
00
00
fe
40
00
00
00
fc
00
00
01
01
fc
00
00
00
00
0a
81
00
ff
00
00
00
00
0a
00
ff
00
00
00
00
00
00
00
00
ff
00
00
00
00
04
00
02
00
00
02
00
00
02
00
00
00
00
00
00
00
02
00
00
00
00
00
fe
fe
00
00
f8
00
00
00
00
00
02
00
00
00
fe
40
00
40
00
00
00
fe
00
00
00
e7
00
00
00
5c
ff
00
00
00
00
01
01
00
02
00
00
e7
ff
00
00
00
01
00
00
00
02
00
9a
00
9b
00
0b
3a
00
3a
3a
fe
fd
02
02
00
01
01
42
00
00
02
0c
16
02
02
02
02
ac
00
00
d8
00
10
ff
04
ff
ff
04
02
00
02
00
00
03
06
00
00
02
10
00
00
00
02
00
02
01
01
00
03
00
00
fb
02
00
02
01
01
00
03
00
01
00
00
00
fa
0a
02
00
00
02
02
02
02
9e
00
02
02
02
02
9c
02
00
42
06
02
02
02
00
00
c7
00
ee
00
02
00
02
01
01
00
03
00
00
00
f7
02
03
02
ef
6e
00
00
00
fb
f7
06
01
01
08
08
07
07
07
05
05
05
05
03
03
03
00
00
1e
ff
00
01
01
01
01
00
00
00
00
00
02
02
02
02
00
92
00
0d
00
00
00
00
00
ff
00
00
00
01
88
00
00
01
87
ff
01
01
01
40
01
01
00
41
01
01
40
00
00
01
00
00
fe
01
41
f9
01
00
02
ff
01
01
ff
01
00
ff
fe
00
00
01
00
83
08
00
00
00
ff
00
00
00
00
00
41
00
41
01
01
40
00
01
00
00
00
fe
41
fb
00
00
00
02
ff
00
01
ff
00
00
ff
fe
00
00
00
00
08
08
07
07
06
06
05
05
04
04
03
03
02
09
00
00
fc
06
ef
10
0e
0f
0f
0b
0b
10
0f
0d
0d
0d
0d
0b
00
00
00
00
00
00
00
00
02
06
00
00
00
02
02
02
00
00
d7
06
42
00
00
02
ff
02
02
00
01
00
02
00
00
00
7f
00
7f
50
00
00
15
06
00
00
00
00
00
a0
00
00
a0
10
10
0f
0f
0e
0e
0d
0c
0c
0b
0b
0a
00
0d
11
00
09
09
00
00
8b
01
00
01
4a
09
09
02
00
01
43
1c
04
40
41
00
00
01
00
30
02
fe
00
ff
02
00
02
00
00
ff
04
82
54
82
1b
83
02
00
00
23
83
19
00
00
00
00
1b
00
00
00
f9
08
41
01
00
ff
07
00
8e
00
00
00
00
06
0a
ff
02
00
3c
3e
01
03
41
00
41
02
00
00
3d
00
09
ff
00
00
4e
4b
00
38
00
00
02
01
02
00
00
04
00
01
00
01
00
00
00
12
00
01
00
00
fe
00
06
00
a3
00
00
0d
00
00
04
06
00
3c
3c
02
48
00
00
8e
00
40
00
01
00
3c
00
8d
00
04
30
05
00
00
04
00
04
00
00
8b
00
00
00
00
00
00
7d
40
00
fe
00
05
00
00
00
00
2a
00
03
00
84
00
db
00
6b
00
01
00
77
85
ff
02
5e
02
fc
00
02
00
00
28
02
07
06
06
00
8e
ff
00
00
00
00
04
06
74
00
00
7a
00
00
28
02
03
05
00
00
0f
4a
86
06
04
1c
00
25
05
00
00
00
5d
00
6b
84
00
07
04
84
09
09
06
00
06
41
00
06
01
65
06
00
00
00
65
00
00
00
64
00
67
00
00
6d
00
00
1b
03
fe
00
00
c3
5e
05
00
19
00
c2
f8
07
00
00
03
00
57
ff
00
ff
fe
00
0f
00
00
45
00
00
70
00
00
0a
00
9e
b0
00
9f
00
b0
00
02
3f
ff
00
02
02
01
09
00
c0
04
b9
00
41
00
00
c2
03
02
00
01
c3
00
00
00
02
ff
00
06
05
00
c8
00
9f
a6
00
9f
00
a6
00
58
00
4d
85
ff
02
35
02
fc
00
02
00
00
85
00
03
00
00
3c
42
ff
03
00
00
aa
04
00
09
12
02
00
12
00
8e
02
00
00
00
01
02
03
00
85
00
43
00
35
3c
00
00
00
01
ff
65
00
00
6f
43
00
00
49
00
3e
00
00
77
03
01
00
00
40
04
84
ff
02
02
00
00
00
04
00
00
69
3d
00
00
42
00
38
00
00
00
03
70
ff
09
00
36
00
00
1f
fa
02
00
1d
02
28
03
01
02
00
02
03
00
65
01
40
40
40
00
03
02
02
00
06
03
00
00
bb
00
00
00
84
00
52
00
59
01
01
1e
02
40
00
5a
01
40
01
00
00
00
00
01
12
01
00
00
00
c9
00
03
12
47
02
24
02
00
00
00
41
02
00
00
00
00
cb
00
00
00
00
c3
03
00
01
fd
00
01
ff
02
02
00
00
00
00
00
00
00
bf
00
00
d8
4c
03
00
5f
ff
00
ff
fe
00
00
00
00
c0
02
00
01
00
00
be
00
00
bd
00
00
bd
00
00
01
ec
01
ec
00
00
00
b5
00
eb
00
00
ce
ec
00
00
00
00
ba
02
00
ff
02
0c
05
11
02
ea
00
02
fb
00
17
00
76
f6
ff
f5
01
e2
00
4b
03
ff
3e
40
01
41
3e
00
01
01
00
3e
02
00
b3
00
41
00
00
b2
00
00
44
f7
00
02
0e
01
2e
04
00
f8
02
40
00
e3
00
00
00
00
aa
05
00
05
03
01
00
00
00
a0
00
00
4c
01
02
00
00
04
02
05
00
00
9d
00
00
00
b6
00
00
00
00
bb
01
03
00
00
0a
00
00
03
b3
01
00
00
9c
01
02
00
00
10
03
6e
6e
03
00
ff
63
00
00
00
00
9a
00
00
00
00
00
0b
99
00
00
00
00
00
97
00
f2
00
01
01
04
93
01
01
00
00
01
01
00
08
00
00
00
00
8b
00
00
a5
01
24
03
24
03
02
00
00
00
00
00
cc
8e
00
00
e8
6a
04
01
00
00
68
ee
00
03
1e
02
00
00
00
00
00
00
c6
00
bb
00
9c
00
00
00
00
87
00
00
00
99
9a
03
00
02
00
00
00
00
81
00
c2
c3
00
00
00
e6
00
00
11
00
01
ff
00
00
00
00
97
02
40
a9
00
02
d0
00
00
00
82
00
0a
02
7f
00
08
01
00
00
00
00
00
a4
a6
03
40
a5
00
01
00
b2
03
ff
00
ff
fe
b3
00
9b
03
01
02
40
01
01
00
00
01
00
00
00
a0
00
96
00
9c
00
ee
02
7f
00
ee
01
00
00
00
00
ed
00
00
c4
00
02
bf
dc
00
da
db
02
03
00
00
00
00
00
a4
02
b3
04
2c
01
43
01
00
03
00
00
f4
03
00
00
a3
02
2e
40
00
00
8e
00
00
00
40
00
39
3e
00
00
00
8b
00
00
00
00
00
04
00
00
00
00
00
00
35
00
40
00
fe
00
00
00
00
00
00
00
05
b8
00
b7
00
00
cc
00
3c
01
01
01
00
00
90
00
00
00
cf
00
af
00
00
00
14
02
00
00
00
1d
01
00
ca
00
00
13
01
00
00
c8
00
91
00
00
00
b4
00
00
00
00
87
03
04
00
41
00
03
ca
04
00
f4
f4
06
00
04
02
21
02
06
02
00
00
04
22
06
84
00
04
00
00
04
00
06
00
1d
00
20
00
00
25
00
00
54
00
03
fe
fc
04
05
06
00
00
02
86
00
04
04
7f
00
f9
04
12
86
00
02
4e
00
07
02
05
12
09
00
e0
02
00
de
cc
09
01
03
40
01
00
03
00
00
c6
02
00
00
00
00
f0
00
00
93
be
05
c5
02
84
00
ff
06
0b
00
00
14
00
0a
85
07
ff
71
02
fc
00
02
02
00
00
93
03
00
aa
00
00
a9
03
00
c2
9d
9d
00
9c
07
00
a4
07
00
00
eb
07
08
08
00
b9
03
ff
00
ff
fe
07
00
e8
00
01
02
05
d9
05
03
9d
00
cf
00
e3
00
ff
05
03
fb
00
00
80
00
92
8e
00
00
84
00
1a
a0
f8
06
00
ef
06
00
00
91
00
fc
00
02
ff
06
00
ff
04
04
ab
00
00
84
00
2e
a0
f2
00
e7
00
00
00
fb
e7
02
02
02
00
00
00
00
02
02
05
05
00
5d
01
05
00
fd
01
00
02
00
01
01
02
00
00
4c
84
01
00
fd
00
ff
00
41
00
ff
00
00
00
00
b7
01
00
02
00
ff
02
02
01
01
00
00
00
03
00
40
00
b3
ff
04
00
75
00
01
40
00
40
00
00
00
f9
02
02
01
01
00
00
00
03
00
00
00
ac
01
01
40
f4
00
e8
00
00
40
00
74
f3
18
fe
00
00
00
00
00
f1
ff
ff
00
ff
00
4c
00
01
ff
1a
00
00
00
0a
ff
00
00
40
01
4d
00
00
14
01
00
01
1a
00
00
00
1f
08
00
00
00
00
00
00
00
40
00
00
01
ff
00
00
00
00
00
01
01
00
00
02
e3
00
00
08
00
fe
00
1f
f8
00
00
12
00
03
00
03
00
00
00
ff
00
15
01
00
00
ff
fe
01
00
00
01
00
01
00
00
00
02
da
00
00
00
4d
01
0e
01
00
00
01
00
00
00
ed
14
01
01
00
00
00
00
00
00
00
ef
00
00
02
ff
40
01
01
00
00
00
00
81
00
00
ea
8e
00
c8
ea
00
f5
01
02
05
06
00
06
00
06
00
ed
05
00
05
00
eb
02
02
00
00
00
00
00
00
e4
00
40
00
00
01
00
ea
15
00
00
07
00
07
00
e5
55
00
01
07
00
07
00
e3
7f
07
e3
00
00
00
dc
fe
00
00
00
00
00
00
00
8e
65
ff
00
01
01
00
02
00
8f
fe
01
00
01
00
02
00
0a
fb
01
00
04
04
02
03
03
03
01
01
00
00
0c
01
00
00
00
ff
0a
00
00
00
00
07
ff
02
01
00
00
00
04
00
00
00
2a
00
00
ff
ff
04
04
00
00
03
03
02
02
01
01
00
05
00
01
00
41
00
01
f6
00
fb
27
fa
e2
1d
1b
19
19
1c
1c
1c
1b
1b
1b
19
19
17
00
00
00
00
00
05
40
01
03
02
0a
00
00
ff
01
ff
41
00
00
0a
00
12
01
12
01
00
12
00
0f
a9
00
06
08
06
00
00
02
02
02
00
00
01
c0
00
00
14
00
02
36
00
00
fe
41
12
07
08
01
00
00
01
08
06
00
01
02
4e
07
00
00
db
0e
00
00
01
0c
ff
00
00
00
00
06
05
00
00
00
00
00
fe
00
12
02
01
00
00
00
00
00
00
1e
00
0c
01
00
01
ec
01
ec
1d
1d
1c
1b
1a
1a
18
18
17
00
00
19
19
00
00
1c
1b
1e
0a
08
00
00
01
04
00
04
1d
1d
1c
1c
1b
1b
1a
19
19
18
18
17
00
1a
1e
00
00
00
00
00
01
fd
00
fd
01
00
00
fc
fe
00
ec
00
00
f6
08
06
00
00
08
00
00
00
00
07
08
08
00
00
00
41
0d
06
02
06
00
00
00
00
08
06
00
7c
00
01
00
06
06
00
00
00
00
08
06
00
00
2a
07
00
00
05
03
00
00
b6
ea
07
08
04
02
01
01
00
00
08
54
41
65
00
01
01
08
06
00
50
0e
07
00
00
01
00
af
e2
08
01
01
00
00
00
41
0d
00
01
00
01
6a
06
00
ca
01
00
00
d3
41
ca
00
cf
4c
be
00
06
00
00
00
4e
ff
40
00
00
00
04
03
01
01
54
01
01
02
04
58
41
ff
43
01
00
0e
00
00
00
06
00
08
00
00
08
de
00
00
00
02
00
04
01
04
04
00
4a
01
41
00
02
ff
04
f7
00
04
50
00
00
0e
05
00
00
fc
02
06
ff
41
00
f7
00
00
11
03
0f
00
0e
00
01
00
00
0e
06
d2
00
d2
00
00
22
41
00
00
00
ba
02
00
06
b9
01
00
00
00
02
00
00
01
16
00
bf
06
ff
00
00
0a
b7
00
2e
00
00
06
02
00
10
03
0e
00
0e
f4
ff
83
06
00
00
a7
00
00
00
00
00
00
06
ff
4e
f7
00
4c
00
00
00
f8
00
3a
00
2a
00
0e
00
00
03
fe
00
00
ff
fe
00
4a
03
4a
ff
40
fe
00
0b
00
e9
01
00
00
00
dd
00
06
20
04
00
a3
02
00
00
a2
02
00
02
01
02
04
28
20
30
01
00
94
01
00
94
00
06
18
01
00
9c
00
00
01
00
00
02
56
00
00
02
7f
01
02
01
02
7a
00
98
00
00
00
97
06
00
96
02
06
95
08
00
00
94
00
02
00
26
fd
00
00
00
00
92
00
00
01
00
00
fd
00
fe
90
00
01
00
00
02
00
00
01
6e
00
06
ff
00
cc
f7
00
cc
00
00
d7
00
06
00
0f
0f
09
00
01
b1
41
ad
01
19
00
c0
01
01
00
00
03
05
00
01
00
01
00
ff
05
00
01
01
01
08
06
fc
18
07
00
00
d8
8a
07
01
ff
08
00
00
00
fb
00
01
02
04
01
01
01
01
08
06
00
5a
00
07
00
00
03
01
00
d1
84
02
07
08
41
01
01
00
00
9b
00
c0
09
00
00
01
03
01
00
01
00
ff
05
00
01
01
00
08
06
fc
06
07
00
00
c8
fa
07
ff
08
00
00
00
fb
01
01
02
01
01
01
08
06
00
32
01
00
90
00
00
00
f6
07
00
00
c1
94
f4
00
00
00
e4
04
07
00
00
05
05
02
00
01
bd
f0
07
08
04
04
02
01
01
00
00
ff
46
06
0e
00
0e
00
00
00
01
00
83
00
00
b4
00
0e
00
00
00
00
00
ff
00
fe
41
00
9f
00
9f
01
69
00
c1
03
01
00
01
00
04
05
05
00
01
00
01
00
ff
05
00
01
01
01
08
00
06
fc
08
07
00
00
ab
de
07
01
ff
08
00
00
00
fb
00
01
01
04
04
05
02
01
01
01
08
06
00
18
01
00
00
e5
00
00
00
f4
06
00
0e
41
0f
00
01
07
59
00
c1
01
01
00
01
00
01
00
01
00
ff
05
00
01
01
01
08
06
fc
08
07
00
00
9a
ce
07
ff
08
00
00
fb
00
01
01
01
01
01
08
06
00
e8
02
07
00
00
01
95
c8
08
01
e6
00
00
00
f5
00
01
00
01
e5
ae
07
00
00
01
00
90
c2
07
08
01
01
00
00
db
06
00
b2
00
00
00
d8
2a
07
00
00
05
05
02
00
01
89
bc
07
08
04
04
02
01
01
00
00
c8
00
00
0e
f2
05
03
0e
05
40
00
00
00
00
01
03
04
04
00
00
00
e2
03
fe
00
ff
00
00
01
00
00
db
01
00
fc
0f
fe
1f
02
00
00
03
41
01
01
04
04
05
05
00
01
00
00
e5
00
0e
e5
01
00
00
c4
04
00
20
03
03
e9
04
00
20
03
03
90
00
9c
00
9c
40
00
9c
00
00
00
be
00
00
dd
00
a5
00
00
02
00
00
00
08
01
08
04
00
18
03
03
00
00
00
00
03
06
06
00
bf
00
00
e5
00
00
00
83
00
00
00
d9
00
a7
00
00
02
00
00
00
f6
00
f8
00
02
01
01
49
00
ff
43
01
01
02
01
00
ce
06
12
06
0e
00
0e
00
00
a4
02
03
00
40
00
00
4f
00
00
00
00
00
b8
00
da
00
00
d8
a4
02
00
00
00
82
20
00
00
00
81
00
00
07
00
00
a8
95
00
a0
20
08
0f
c8
20
06
0f
e7
20
0f
ee
02
02
ee
20
04
01
41
00
b5
00
00
00
9d
00
f8
00
00
00
94
01
00
ec
00
00
b1
02
02
df
02
02
be
07
00
00
cb
fe
00
00
00
b5
00
c1
a2
00
03
b2
00
00
c1
af
ff
fb
00
00
c0
f1
01
00
e3
00
00
00
00
ff
00
00
00
eb
01
01
0a
ff
01
03
04
01
01
b3
00
4c
40
00
00
0b
00
4a
4b
4c
00
0a
03
05
00
00
00
02
02
cb
00
02
01
04
00
01
04
00
4c
4c
4b
00
4b
4d
00
00
00
3b
fc
ff
fb
00
e7
fe
00
00
00
00
00
00
05
08
01
00
08
01
0a
00
02
02
00
00
40
02
02
01
01
00
02
00
00
00
00
02
00
00
fc
08
fc
04
00
ff
fb
00
4e
01
00
f8
01
06
00
02
01
00
00
f6
28
20
f4
00
00
36
01
01
f4
05
00
07
00
00
ec
01
04
01
fd
00
00
fa
00
00
04
f5
ff
00
00
5c
00
78
01
fd
02
01
02
00
01
00
00
00
12
00
80
00
00
00
18
04
0e
00
00
00
00
03
18
00
00
00
00
ff
00
1a
01
04
03
00
00
00
05
40
00
07
40
00
00
00
ff
12
00
01
0c
df
ff
40
00
01
0c
01
ff
7f
00
00
00
00
00
00
12
05
00
00
07
00
00
d5
04
00
02
02
01
01
00
03
00
01
fc
00
00
01
41
00
00
02
00
00
fb
00
fa
04
03
00
00
00
00
40
fc
01
04
02
00
02
01
01
00
ff
03
00
07
e6
00
f5
09
ea
01
01
ff
7f
00
00
00
00
00
00
ee
08
ef
00
e6
01
00
01
f6
00
00
ef
ec
08
ec
fe
00
00
00
00
05
02
01
02
01
01
00
02
00
00
1a
00
01
fc
00
01
01
02
d5
00
99
76
fc
00
02
02
02
03
01
01
01
01
00
7a
04
53
00
52
52
52
00
00
00
00
00
00
00
0a
00
02
02
0a
99
00
01
00
00
00
3e
44
4c
54
00
03
05
05
05
02
00
00
00
00
00
00
0a
00
02
02
0a
93
01
00
03
05
05
05
02
01
00
00
00
0a
00
02
02
0a
00
00
8e
03
03
05
05
05
02
03
00
04
02
02
01
01
00
00
04
00
05
00
00
e7
00
00
fd
02
00
01
02
00
00
00
68
00
00
ff
0f
00
00
02
0a
00
00
00
69
ff
08
02
00
00
ff
00
00
02
02
00
02
00
00
00
00
02
02
01
00
01
03
00
00
00
4b
ff
fc
ff
02
02
01
01
03
00
01
ff
04
00
fd
01
03
02
0a
00
00
00
00
00
0a
ee
01
28
01
fa
04
03
03
04
04
05
03
03
01
01
01
00
00
00
00
08
01
08
00
00
08
04
03
80
00
00
c0
00
00
04
00
01
00
00
00
1c
01
00
40
40
00
16
04
03
00
00
fc
00
00
01
fa
00
00
85
18
01
00
00
f6
00
08
00
00
80
00
00
ff
00
06
20
1c
27
00
00
00
00
d0
00
00
00
41
01
00
00
00
01
01
41
00
0a
00
01
00
00
f8
00
00
01
f8
00
00
00
00
0e
0e
00
01
00
00
01
00
02
00
00
00
0f
24
04
03
00
00
00
00
06
00
40
00
04
01
01
41
41
00
f8
00
05
05
04
04
03
03
02
02
01
01
00
06
00
00
00
a7
fa
01
04
00
ff
fa
00
00
00
00
01
fe
00
00
00
00
4e
1e
00
41
ef
00
00
b8
00
00
00
01
00
a0
f8
00
00
f1
01
04
02
04
00
01
00
00
fc
04
03
40
00
00
00
00
f2
41
e2
00
01
00
00
00
00
af
00
00
41
01
00
00
fc
00
00
96
ee
41
dd
48
0c
02
01
00
00
40
01
00
00
00
40
01
00
00
01
40
08
00
00
8e
00
0a
01
00
8b
01
b7
08
00
01
41
01
01
00
03
00
00
d1
00
00
a1
00
00
00
41
01
00
00
db
00
cd
00
00
9e
00
f8
01
00
c9
01
00
00
f7
de
00
d1
00
01
00
dc
fb
03
03
03
01
01
01
04
04
02
00
00
52
00
00
ff
00
01
04
02
02
00
00
00
40
00
00
01
02
01
00
00
01
00
01
00
0b
fc
00
fa
04
04
03
03
02
02
01
00
00
01
05
00
00
dd
00
00
e3
00
01
f6
08
08
08
09
07
07
00
00
02
07
00
00
00
02
09
09
08
08
07
07
0a
00
01
00
08
00
23
08
00
00
00
00
00
40
00
40
80
00
00
e8
01
06
00
7a
04
08
00
00
00
03
08
01
09
00
09
08
08
07
07
0a
00
01
08
00
04
04
00
00
e1
01
00
f8
20
f0
ff
00
07
00
00
00
00
02
ef
40
00
f4
01
00
1a
00
01
f6
01
ff
00
01
41
f4
02
04
04
00
00
00
00
00
ff
00
02
02
00
00
00
00
01
00
00
00
00
fe
ff
00
ff
fd
00
0f
02
ff
02
ff
01
00
00
02
ff
00
00
fe
00
00
00
00
00
04
0f
00
00
01
00
86
87
02
00
00
01
ff
00
02
00
00
01
ff
00
01
fc
00
00
f9
00
f8
00
fe
00
fe
00
00
00
00
01
e7
08
51
00
04
00
00
00
02
00
00
ff
04
00
00
00
01
01
00
02
00
00
0b
00
01
01
00
00
00
02
03
01
01
01
00
00
00
02
00
01
00
ff
f9
fe
00
00
00
00
00
00
00
8e
1f
ff
00
01
01
00
02
00
8f
fe
01
00
01
00
02
00
13
ff
00
00
01
00
7d
02
09
00
00
08
00
01
00
01
ff
ff
00
00
00
00
01
00
01
fd
02
00
01
01
02
10
00
00
00
00
04
ff
ff
00
01
00
02
02
00
00
00
01
00
01
03
42
01
00
00
6a
01
fb
ff
00
00
01
00
68
ff
02
01
00
00
00
01
41
08
00
00
01
00
01
ff
ff
00
01
41
00
00
00
01
00
01
3f
00
00
06
81
ff
00
00
00
00
00
00
fe
ff
40
06
ff
04
ff
06
ff
04
ff
06
ff
06
ff
00
00
ff
00
f8
00
00
00
fe
40
ff
00
ff
00
ff
00
ff
00
ff
00
ff
00
ff
00
00
00
00
00
04
00
01
ff
ff
fe
00
00
00
00
00
fe
00
00
04
00
fe
fe
00
86
87
00
00
01
00
ff
00
00
fa
00
00
ff
01
01
fc
f9
00
fd
02
00
01
02
01
00
00
00
00
05
14
02
01
00
00
08
01
06
0f
03
00
08
00
02
40
0a
00
00
00
ff
00
01
02
00
0c
01
00
00
00
0a
02
02
01
00
00
01
03
00
00
00
c2
08
01
0f
01
03
00
f6
0a
00
00
ff
ff
00
00
00
0a
02
40
f4
00
00
f7
02
00
00
00
00
ff
00
00
01
02
f4
00
00
f3
f4
ff
f3
91
ec
fd
02
00
00
02
db
00
00
02
00
ff
02
02
02
01
03
00
00
00
00
ff
fc
00
08
02
00
02
01
03
00
00
02
0f
00
00
00
00
08
00
ff
00
00
00
fe
00
00
00
00
00
00
00
00
8e
5c
ff
00
01
01
00
02
00
8f
fe
01
00
01
00
02
00
fe
00
00
00
00
00
8e
2e
ff
00
01
01
00
02
00
8f
fe
01
00
01
00
02
00
fe
00
00
00
01
02
00
00
00
05
0a
01
02
01
01
00
00
00
00
02
00
00
00
b0
05
00
00
03
00
00
06
01
08
06
05
00
07
00
00
94
04
07
00
00
93
06
ef
00
ee
01
01
00
00
00
02
00
eb
01
f4
f6
01
ff
08
f8
01
00
8d
f7
fe
00
00
00
00
00
00
00
8e
1e
ff
00
01
01
00
02
00
8f
fe
01
00
01
00
02
00
fe
00
00
00
00
00
8e
23
ff
00
01
01
00
02
00
8f
fe
01
00
01
00
02
00
fe
00
00
00
00
00
00
00
00
8e
23
ff
00
01
01
00
02
00
8f
fe
01
00
01
00
02
00
fe
00
00
00
00
00
00
00
00
8e
20
ff
00
01
01
00
02
00
8f
fe
01
00
01
00
02
00
ff
00
00
03
00
00
00
00
00
00
01
00
d7
40
00
ff
fe
05
00
00
00
ff
00
00
00
40
d4
00
00
f6
08
08
00
08
05
00
00
00
02
00
00
00
22
09
00
09
08
0a
00
40
ce
00
ff
fc
00
00
ff
00
00
0a
00
00
00
00
00
00
01
00
c9
40
00
ff
fe
f8
00
06
f4
ff
00
00
07
40
00
08
00
07
00
08
00
ff
00
c3
00
01
00
ff
01
00
ff
00
00
03
00
00
00
00
00
00
01
00
40
be
00
ff
fd
ff
00
00
03
00
00
00
00
00
00
01
00
40
ba
00
ff
fd
8f
ff
00
00
02
0d
00
00
ff
00
02
8e
0d
00
00
8f
00
00
00
8e
00
01
00
b3
00
00
00
ff
01
00
ff
00
00
04
00
00
00
00
00
00
01
00
40
ae
00
ff
fd
01
01
01
02
00
00
01
01
00
00
00
00
01
01
00
03
04
04
03
00
00
05
06
04
04
02
02
00
ff
fe
00
00
00
01
03
03
03
7f
7f
00
40
00
00
03
00
00
00
20
10
0c
04
ff
04
00
03
00
02
00
7f
00
06
1f
03
00
ff
00
00
00
00
7f
08
00
00
00
00
00
00
00
03
00
38
00
7f
00
00
00
1f
03
ff
00
7f
00
00
03
00
03
01
00
01
00
00
02
00
7f
f6
00
03
00
03
00
00
f6
04
40
00
00
00
00
ef
06
02
2a
ff
00
00
00
00
ed
7f
02
00
21
7f
fe
00
03
40
00
03
00
00
00
ee
04
00
40
00
00
00
fa
00
7f
04
02
24
ea
00
03
00
ea
03
ff
01
00
e8
f6
18
00
00
7f
03
eb
7f
22
00
00
00
e5
06
06
e4
ff
02
40
03
00
e2
00
00
14
7f
e2
03
00
00
04
40
00
00
00
00
40
fb
7f
de
00
03
00
fc
08
02
16
ff
00
00
40
00
00
f7
7f
02
00
7f
13
7f
fe
00
03
40
00
03
00
00
04
00
40
00
00
00
40
fa
00
7f
04
04
00
00
0c
00
02
d2
40
03
00
40
0a
00
d0
00
d5
e8
e8
00
00
7f
cf
40
03
00
04
40
00
00
a3
ff
00
02
40
00
04
40
00
00
00
00
00
ca
fc
00
f8
40
ff
03
ff
00
c8
00
d9
00
c7
00
00
00
c6
00
7f
ca
c8
03
f3
7f
00
c8
fb
02
03
03
01
01
00
04
04
03
03
01
01
7f
00
00
03
08
7f
0a
00
00
03
00
c0
00
03
00
7f
00
03
08
7f
0a
00
00
03
00
c0
00
40
00
00
ff
00
01
0c
00
00
d3
00
00
00
02
00
8b
00
c0
ff
00
40
f7
7f
00
f6
00
f6
00
00
f5
02
00
87
00
c0
ff
00
40
f6
7f
00
f4
00
f5
00
00
f4
00
00
00
00
22
00
20
00
0e
00
00
13
00
16
ff
00
02
ff
00
02
00
f2
01
00
00
00
ea
00
00
00
f4
02
02
00
00
00
00
ff
01
00
ff
01
40
00
00
ec
00
00
00
e4
00
00
00
ef
02
00
03
01
00
ff
00
00
01
ff
01
02
41
00
00
00
3f
0a
00
00
00
00
00
00
03
00
00
ff
03
ff
00
40
7f
0e
00
04
04
00
03
00
03
00
03
02
02
01
01
00
00
01
03
05
00
03
00
e8
00
e5
00
00
40
03
00
00
f8
04
00
40
00
00
00
00
00
00
00
00
00
03
00
00
e0
00
00
f4
00
03
7f
00
f2
00
7f
f2
ff
03
00
03
7f
7f
00
03
00
7f
03
00
02
00
00
02
00
00
fe
00
00
00
fe
00
fe
00
ff
fe
00
fe
01
fe
00
fd
ff
00
03
00
03
7f
03
7f
00
7f
03
03
08
00
00
06
ff
00
ff
06
fe
00
00
03
ff
04
00
04
fc
ff
02
00
00
02
fa
fa
fa
fe
fa
00
00
fd
fc
00
f8
00
00
ff
fe
00
00
ff
00
fc
f6
fc
03
03
02
01
01
00
02
02
01
7f
00
00
03
1c
7f
1e
00
00
03
00
c0
00
03
00
7f
00
03
1e
7f
20
00
00
03
00
c0
00
00
00
00
00
01
00
22
00
1e
ff
00
1e
ff
02
02
00
00
02
00
00
a8
00
00
00
a7
00
00
00
a6
00
00
00
a5
02
01
00
00
01
00
02
00
ff
02
00
02
00
00
00
02
00
03
00
00
00
00
03
00
18
00
00
00
3f
16
00
00
00
00
00
00
03
00
00
ff
03
ff
00
40
7f
1a
00
03
03
00
03
00
00
03
02
02
01
01
00
01
04
00
02
00
a7
00
c0
ff
00
40
e2
7f
00
e2
00
e1
00
00
e0
02
00
a2
00
c0
ff
00
40
e1
7f
00
e0
00
e0
00
00
e0
00
00
53
04
24
0c
08
e0
00
00
0c
00
0a
00
ea
00
00
ef
00
08
00
00
fc
00
00
fc
00
e8
00
00
40
03
00
00
ea
04
00
40
00
00
00
00
00
00
00
00
00
03
00
00
f6
00
00
e6
00
03
7f
00
e5
00
7f
e4
ff
fe
00
03
00
00
00
01
03
00
00
7f
7f
7f
03
00
03
00
0b
80
02
00
28
1a
18
16
ff
16
01
00
0a
00
28
18
fc
7f
00
03
00
3e
00
7f
00
00
00
1f
03
ff
00
7f
00
00
03
00
03
01
00
01
00
00
02
00
00
40
16
0a
04
04
ff
04
01
03
00
04
00
7f
00
f8
1f
03
00
ff
00
00
00
02
01
00
02
ff
00
03
00
03
02
00
00
f0
00
00
f0
00
ef
04
00
40
00
00
00
f6
04
ea
00
03
40
00
03
02
00
00
fa
7f
fe
7f
f9
04
00
40
00
00
00
00
e6
00
7f
04
02
f4
f2
01
03
00
f4
ff
03
ff
00
00
f3
f8
18
00
f8
7f
22
00
00
00
f0
08
04
ec
ff
02
40
03
00
ee
00
00
17
eb
03
00
00
04
00
40
00
00
00
40
fb
e9
00
03
00
fc
0a
02
7f
00
e8
08
00
7f
00
d7
08
06
00
00
00
00
e4
ff
00
41
f5
7f
7f
e2
03
00
00
04
00
40
00
00
00
40
00
f1
00
03
40
00
00
fb
00
7f
06
04
00
0e
00
dc
da
40
03
00
00
41
fe
00
da
00
ce
e6
00
e0
00
00
7f
03
cc
40
03
00
04
41
00
00
cd
ff
00
02
40
00
04
40
00
00
00
00
00
d2
fc
00
f7
40
ff
03
ff
00
d0
00
7f
c4
c2
03
f4
7f
00
c2
00
f3
03
00
7f
3f
00
03
04
41
00
80
ff
00
00
00
03
00
43
40
00
00
00
40
00
00
00
fe
00
00
00
06
00
03
00
40
02
02
00
bb
43
40
ff
00
01
01
00
03
00
03
00
00
00
02
00
00
00
00
fc
ff
00
00
04
02
02
00
b5
43
40
ff
00
00
00
03
00
00
00
01
00
00
00
fd
33
37
62
66
6a
6e
72
76
7a
00
33
37
42
46
4a
4e
52
56
5a
00
4c
00
59
4e
52
41
53
20
49
00
59
4e
52
41
31
20
49
00
79
6e
65
6d
2c
72
6e
31
61
61
20
00
67
20
70
64
74
72
73
27
74
75
00
00
67
20
70
64
74
74
65
74
20
72
74
00
61
67
20
20
62
6f
75
74
75
74
62
68
6b
00
63
6f
74
73
64
6e
68
67
68
74
0a
00
59
4e
52
41
32
20
49
00
59
4e
52
41
33
20
49
00
63
6f
6e
00
61
61
73
20
20
69
65
73
69
68
65
6d
3a
00
5f
62
20
20
20
0a
00
00
20
20
75
62
20
0a
00
00
6c
6f
20
20
20
0a
00
00
31
6f
20
20
20
0a
00
00
20
20
75
62
20
0a
00
00
32
6f
20
20
20
0a
00
00
5f
6c
38
20
20
0a
00
00
5f
6c
38
5d
20
0a
00
00
20
20
75
62
20
6d
5f
52
20
30
00
00
5f
62
00
00
74
6f
20
20
20
0a
00
00
20
20
75
62
20
6d
6d
61
6e
70
65
0a
00
00
69
3a
20
20
20
0a
00
00
6e
43
3a
20
20
0a
00
00
6e
6f
20
20
20
0a
00
00
74
6f
20
20
20
0a
00
00
20
20
75
62
20
52
4f
50
52
20
45
52
0a
00
74
72
6f
0a
00
00
20
20
75
62
20
6d
6d
61
6e
70
65
2c
6d
73
6f
00
5f
6f
20
20
20
0a
00
00
5f
6f
20
20
20
0a
00
00
5f
6f
20
20
20
0a
00
00
6d
63
20
20
20
0a
00
00
5f
6f
20
20
20
0a
00
00
20
20
75
62
20
52
4f
50
52
20
54
52
0a
00
5f
6f
20
20
20
0a
00
00
20
20
75
62
20
52
4f
50
52
20
44
52
0a
00
6c
73
74
72
20
72
6f
64
73
65
00
00
20
00
74
74
73
74
64
72
20
72
6f
64
73
65
00
00
6c
70
69
61
6e
00
31
00
00
00
00
00
00
00
00
00
00
00
00
00
00
00
00
00
00
00
00
00
00
00
00
00
00
00
00
00
00
00
00
00
00
00
00
00
00
00
00
00
00
00
00
00
00
00
00
00
02
03
04
04
05
05
05
05
06
06
06
06
06
06
06
06
07
07
07
07
07
07
07
07
07
07
07
07
07
07
07
07
08
08
08
08
08
08
08
08
08
08
08
08
08
08
08
08
08
08
08
08
08
08
08
08
08
08
08
08
08
08
08
08
6c
73
65
64
00
00
6d
61
68
75
74
73
73
67
74
63
6e
77
2f
6c
6c
2f
6c
6d
63
00
00
00
00
00
37
43
b5
46
e9
4d
f9
5a
7f
75
00
3f
00
40
00
40
00
40
00
40
00
40
00
41
00
41
00
41
00
41
20
42
e8
42
a2
42
e5
42
1e
42
26
43
37
43
85
43
67
43
60
43
78
44
d6
44
06
44
c7
44
79
44
75
69
20
00
65
6f
25
66
65
66
20
22
69
25
25
00
69
79
00
00
00
00
00
00
6d
61
68
75
74
73
73
67
74
63
6e
77
2f
6c
6c
2f
6c
64
2e
00
33
37
42
46
00
00
33
37
62
66
00
00
6c
00
00
00
00
00
00
00
00
00
00
00
00
00
00
00
00
00
00
00
00
00
00
00
00
00
00
00
00
00
00
00
00
00
00
00
00
00
00
00
00
00
00
00
00
00
00
00
00
00
00
00
00
00
00
00
00
00
00
00
00
00
00
00
00
00
00
00
00
00
00
00
00
00
00
00
00
00
00
00
00
00
00
00
00
00
00
00
00
00
00
00
00
00
30
30
30
30
20
20
20
20
00
00
49
00
00
00
20
20
28
20
20
20
20
20
10
10
10
10
04
04
10
10
41
41
01
01
01
01
01
10
42
42
02
02
02
02
02
10
00
00
00
00
00
00
00
00
00
00
00
00
00
00
00
00
00
00
00
00
00
00
00
00
00
00
00
00
00
00
00
00
00
00
00
00
00
00
00
00
00
00
00
00
00
00
00
00
00
00
00
00
00
00
00
00
00
00
00
00
00
00
00
00
00
00
00
00
00
00
00
00
00
00
00
00
00
00
00
00
00
00
00
00
00
00
00
00
00
00
00
00
00
00
00
00
00
00
00
00
00
00
00
00
00
00
00
00
ab
e6
00
00
00
00
00
00
00
00
00
00
00
00
00
00
00
00
00
00
00
00
00
00
00
00
00
00
00
00
00
00
00
00
00
00
00
00
00
00
00
00
00
00
00
00
00
00
00
00
00
00
00
00
00
00
00
00
00
00
00
00
00
00
00
00
00
00
00
00
00
00
00
00
00
00
00
00
00
00
00
00
00
00
00
00
00
00
00
00
00
00
00
00
00
00
00
00
00
00
00
00
00
00
00
00
00
00
00
00
00
00
00
00
00
00
00
00
00
00
00
00
00
00
00
00
00
00
00
00
00
00
00
00
00
00
00
00
00
00
00
00
00
00
00
00
00
00
00
00
00
00
00
00
00
00
00
00
00
00
00
00
00
00
00
00
00
00
00
00
00
00
00
00
00
00
00
00
00
00
00
00
00
00
00
00
00
00
00
00
00
00
00
00
00
00
00
00
00
00
00
00
00
00
00
00
00
00
00
00
00
00
00
00
00
00
00
00
00
00
00
00
00
00
00
00
00
00
00
00
00
00
00
00
00
00
00
00
00
00
00
00
00
00
00
00
00
00
00
00
00
00
00
00
00
00
00
00
00
00
00
00
00
00
00
00
00
00
00
00
00
00
00
00
00
00
00
00
00
00
00
00
00
00
00
00
00
00
00
00
00
00
00
00
00
00
00
00
00
00
00
00
00
00
00
00
00
00
00
00
00
00
00
00
00
00
00
00
00
00
00
00
00
00
00
00
00
00
00
00
00
00
00
00
00
00
00
00
00
00
00
00
00
00
00
00
00
00
00
00
00
00
00
00
00
00
00
00
00
00
00
00
00
00
00
00
00
00
00
00
00
00
00
00
00
00
00
00
00
00
00
00
00
00
00
00
00
00
00
00
00
00
00
00
00
00
00
00
00
00
00
00
00
00
00
00
00
00
00
00
00
00
00
00
00
00
00
00
00
00
00
00
00
00
00
00
00
00
00
00
00
00
00
00
00
00
00
00
00
00
00
00
00
00
00
00
00
00
00
00
00
00
00
00
00
00
00
00
00
00
00
00
00
00
00
00
00
00
00
00
00
00
00
00
00
00
00
00
00
00
00
00
00
00
00
00
00
00
00
00
00
00
00
00
00
00
00
00
00
00
00
00
00
00
00
00
00
00
00
00
00
00
00
00
00
00
00
00
00
00
00
00
00
00
00
00
00
00
00
00
00
00
00
00
00
00
00
00
00
00
00
00
00
00
00
00
00
00
00
00
00
00
00
00
00
00
00
00
00
00
00
00
00
00
00
00
00
00
00
00
00
00
00
00
00
00
00
00
00
00
00
00
00
00
00
00
00
00
00
00
00
00
00
00
00
00
00
00
00
00
00
00
00
00
00
00
00
00
00
00
00
00
00
00
00
00
00
00
00
00
00
00
00
00
00
00
00
00
00
00
00
00
00
00
00
00
00
00
00
00
00
00
00
00
00
00
00
00
00
00
00
00
00
00
00
00
00
00
00
00
00
00
00
00
00
00
00
00
00
00
00
00
00
00
00
00
00
00
00
00
00
00
00
00
00
00
00
00
00
00
00
00
00
00
00
00
00
00
00
00
00
00
00
00
00
00
00
00
00
00
00
00
00
00
00
00
00
00
00
00
00
00
00
00
00
00
00
00
00
00
00
00
00
00
00
00
00
00
00
00
00
00
00
00
00
00
00
00
00
00
00
00
00
00
00
00
00
00
00
00
00
00
00
00
00
00
00
00
00
00
00
00
00
00
00
00
00
00
00
00
00
00
00
00
00
00
00
00
00
00
00
00
00
00
00
00
00
00
00
00
00
00
00
00
00
00
00
00
00
00
00
00
00
00
00
00
00
00
00
00
00
00
00
00
00
00
00
00
00
00
00
00
00
00
00
00
00
00
00
00
00
00
00
00
00
00
00
00
00
00
00
00
00
00
00
00
00
00
00
00
00
00
00
00
00
00
00
00
00
00
00
00
00
00
00
00
00
00
00
00
00
00
00
00
00
00
00
00
00
00
00
00
00
00
00
00
00
00
00
00
00
00
00
00
00
00
00
00
00
00
00
00
00
00
00
00
00
00
00
00
00
00
00
00
00
00
00
00
00
00
00
00
00
00
00
00
00
00
00
00
00
00
00
00
00
00
00
00
00
00
00
00
00
00
00
00
00
00
00
00
00
00
00
00
00
00
00
00
00
00
00
00
00
00
00
00
00
00
00
00
00
00
00
00
00
00
00
00
00
00
00
00
00
00
00
00
00
00
00
00
00
00
00
00
00
00
ff
ff
ff
00
53
00
00
00
00
00
00
00
53
00
00
00
00
00
00
00
00
00
00
00
ff
ff
00
00
7f
7f
00
3f
63
3f
8b
3f
50
3f
00
3f
00
40
00
40
00
40
00
3f
fe
fe
80
80
41
